1,0.565685425,0.244567136,0.243934688,0.309066964,0.407045789,0.434121571,0.500979433,0.291909691,0.403112887,0.487950036,0.221781406,0.314060312,0.29192018,0.246598481,0.330489487,0.298481003,0.440652649,0.351431748,0.444994159,0.454076609,0.268164783,0.45289473,0.506369684,0.519875245,0.316666667,0.328797975,0.328797975,0.326164037,0.34503278,0.403252542,0.505964426,0.328797975,0.28924061,0.256284643,0.382235394,0.295084445,0.295293189,0.45034319,0.269781871,0.476731295,0.474045463,0.322251693,0.327912918,0.295084445,0.300416378,0.379321621,0.447989335,0.281001332,0.299668141,0.402938644,0.250108202,0.262315695,0.328797975,0.234383494,0.25924757,0.22981928,0.277239431,0.270327437,0.317549978,0.283730761,0.426401433,0.32,0.486708584,0.261627976,0.365148372,0.490577891,0.323592401,0.316227766,0.326164037,0.240192231,0.352821143,0.364399349,0.335410197,0.352943289,0.243544094,0.307874536,0.346410162,0.460721338,0.39223227,0.482418151,0.294174203,0.261116484,0.283980917,0.417028828,0.357790699,0.247444567,0.263752189,0.24692198,0.461265604,0.240192231,0.32358947,0.259852582,0.264575131,0.232008084,0.298807152,0.334687173,0.32,0.27152254,0.313785816,0.22981928,0.33374562,0.347105067,0.330589802,0.443760157,0.341368215
0.565685425,1,0.17293508,0.172487872,0.218543346,0.354245954,0.526234812,0.354245954,0.225175988,0.350823208,0.621059003,0.171079785,0.210386062,0.23590713,0.162746694,0.280429629,0.241209076,0.280429629,0.233882138,0.283192549,0.288972585,0.179641076,0.303389938,0.322251693,0.33084658,0.212132034,0.20924575,0.20924575,0.207569522,0.219577516,0.270135101,0.402492236,0.20924575,0.204523997,0.170560573,0.288299988,0.208656212,0.197814142,0.301680685,0.180724349,0.303389938,0.301680685,0.227866358,0.208682503,0.208656212,0.201246118,0.241398801,0.335410197,0.210386062,0.200744882,0.301680685,0.166450076,0.196396101,0.20924575,0.165734158,0.172532437,0.173340556,0.184506242,0.181089818,0.212723757,0.225706438,0.27136021,0.254558441,0.364399349,0.208123781,0.232379001,0.328633535,0.205932943,0.251557647,0.207569522,0.158518785,0.236351579,0.25766925,0.237170825,0.205527077,0.187867287,0.195930155,0.244948974,0.347497794,0.249615088,0.383761289,0.221880078,0.196946386,0.180724349,0.265395521,0.239680639,0.164677394,0.209813582,0.164329606,0.293547633,0.181164325,0.215352761,0.151318195,0.213808994,0.174991456,0.225374468,0.250580721,0.22627417,0.180701581,0.249615088,0.173340556,0.220260871,0.220896312,0.210386062,0.274562589,0.255582825
0.244567136,0.17293508,1,0.602798499,0.696823392,0.325451998,0.208551886,0.354168351,0.494873016,0.341266723,0.238673086,0.62253236,0.636704785,0.560953504,0.743821906,0.585994788,0.508383414,0.370456475,0.442382789,0.374106381,0.367860465,0.750767563,0.46637123,0.325083631,0.317861,0.713320814,0.562892253,0.562892253,0.55838303,0.564315852,0.460670044,0.280353582,0.562892253,0.652122831,0.677484101,0.389509232,0.569450292,0.7506976,0.463743765,0.746613296,0.437223028,0.362299817,0.580145168,0.566389358,0.738593943,0.763721826,0.527627114,0.306133222,0.591225872,0.761819652,0.391283802,0.962500351,0.726447422,0.552840606,0.900142382,0.946389518,0.800938965,0.732877727,0.756822239,0.618232694,0.645121495,0.501865678,0.586961127,0.402611363,0.654852675,0.491168104,0.426242001,0.544087959,0.604210306,0.55838303,0.724498554,0.61310219,0.643645204,0.700675575,0.647387471,0.541480741,0.729429938,0.564803608,0.319252345,0.467644725,0.322611477,0.569567293,0.638605107,0.607708497,0.490834316,0.59871053,0.841005655,0.655130101,0.905835022,0.373684476,0.562954958,0.558630705,0.799065421,0.554626133,0.718726335,0.566357674,0.55973338,0.525819343,0.571282525,0.551580958,0.721313453,0.530550868,0.567705167,0.550800171,0.491772714,0.595461936
0.243934688,0.172487872,0.602798499,1,0.643974645,0.35643493,0.226922808,0.292785836,0.679702222,0.365597857,0.21821789,0.934457621,0.53761547,0.652753366,0.668376929,0.591197567,0.494066978,0.412046789,0.420227421,0.416106461,0.424599305,0.533646177,0.407019549,0.349976538,0.359310883,0.58950883,0.481231389,0.481231389,0.543678605,0.469923839,0.526351252,0.295699199,0.481231389,0.55121733,0.563876249,0.497282515,0.599844436,0.556038437,0.404726463,0.536864173,0.426401433,0.404726463,0.451270252,0.479936013,0.59234638,0.559257181,0.516624166,0.267843478,0.611537597,0.564276493,0.443271841,0.598137905,0.627332327,0.548069082,0.589609604,0.607594957,0.566837933,0.603350647,0.537949845,0.529999429,0.627231709,0.485399136,0.626099034,0.51214752,0.678088975,0.46762986,0.430388382,0.447300665,0.602647825,0.477376336,0.670543928,0.475624112,0.502061864,0.568181818,0.590848803,0.630093891,0.644619311,0.469452527,0.362132396,0.4225825,0.36774538,0.621913868,0.622799155,0.484909576,0.457775088,0.551226712,0.550344033,0.589767825,0.602328362,0.356309158,0.527320953,0.588140876,0.646299422,0.660756963,0.653984584,0.607411913,0.600307436,0.626099034,0.532467532,0.597994104,0.654043768,0.642251277,0.536249454,0.463693343,0.529966593,0.677601821
0.309066964,0.218543346,0.696823392,0.643974645,1,0.29031786,0.215634593,0.350800748,0.65614285,0.33543159,0.245065009,0.623139142,0.68329121,0.668616012,0.514454245,0.5788125,0.25533653,0.527740808,0.503147384,0.532940351,0.526275296,0.687038833,0.442025681,0.479287806,0.461944257,0.611695032,0.704992855,0.704992855,0.693044883,0.739802746,0.344378002,0.366508333,0.704992855,0.817123587,0.553298975,0.541458191,0.634130935,0.672481669,0.439535376,0.691181818,0.423607944,0.521948259,0.733147177,0.703095159,0.890633336,0.678040416,0.718069163,0.325785185,0.542801428,0.682444903,0.567733194,0.687744271,0.500745713,0.692290281,0.628192315,0.706984052,0.627427666,0.730847331,0.692579559,0.794193259,0.568626547,0.625986332,0.625860602,0.564095791,0.536964684,0.521955756,0.428929015,0.700082046,0.626118402,0.705645699,0.501089513,0.35870184,0.829036307,0.842271715,0.850206599,0.590196467,0.487663471,0.72862957,0.379716653,0.621283439,0.396045582,0.689473085,0.551466939,0.416903319,0.61222671,0.582006763,0.669173233,0.541324415,0.639702841,0.481146614,0.538207255,0.698604957,0.649581128,0.620586764,0.495966736,0.684939693,0.676928427,0.64131395,0.555343988,0.598553557,0.503125958,0.65328172,0.724131287,0.370382151,0.610753238,0.667168003
0.407045789,0.354245954,0.325451998,0.35643493,0.29031786,1,0.466041382,0.68627451,0.216037474,0.660225292,0.580575715,0.353525209,0.310535047,0.365615015,0.350032174,0.40012372,0.453938989,0.234555284,0.401313413,0.236866229,0.241700732,0.282831665,0.507519219,0.269535847,0.276724731,0.292238003,0.267671662,0.267671662,0.326802948,0.183657722,0.465180463,0.396059017,0.267671662,0.316976618,0.311542651,0.271280433,0.311831518,0.272513342,0.504659933,0.257861835,0.507519219,0.252329966,0.190590625,0.277218497,0.265634256,0.277241312,0.190032331,0.577586067,0.35193972,0.276550797,0.252329966,0.322460829,0.357525472,0.329442046,0.357768054,0.296044758,0.383782442,0.418716277,0.258383296,0.251188434,0.366463133,0.373832109,0.363210089,0.304788738,0.378874898,0.240098019,0.533578375,0.172245209,0.445566394,0.265527395,0.340938875,0.348860795,0.215518184,0.373408022,0.286028032,0.277296777,0.3759571,0.204878766,0.596264112,0.331594257,0.509797066,0.405281869,0.359738467,0.328996135,0.417845732,0.330189598,0.309911597,0.340659057,0.34564027,0.476611948,0.360994103,0.393359197,0.354168351,0.390539381,0.368065715,0.411664654,0.406849697,0.425832518,0.34006802,0.454406944,0.354998759,0.390132613,0.304311875,0.362290888,0.243156716,0.301797273
0.434121571,0.526234812,0.208551886,0.226922808,0.215634593,0.466041382,1,0.466041382,0.230407807,0.346153846,0.605227533,0.225070345,0.205023092,0.23276727,0.203911848,0.273281172,0.264442943,0.19129682,0.256410256,0.193181564,0.197124451,0.17506183,0.295656198,0.219826003,0.225689058,0.186052102,0.183520663,0.183520663,0.182050514,0.149786172,0.263249063,0.431455497,0.183520663,0.201801838,0.186989398,0.221248839,0.205879055,0.17349448,0.293990516,0.176117488,0.295656198,0.205793361,0.155440457,0.203362959,0.183003604,0.176504522,0.164671698,0.39223227,0.205023092,0.176064908,0.205793361,0.200731264,0.191389751,0.183520663,0.218037709,0.189151197,0.209040871,0.242734018,0.176473641,0.165840957,0.219952935,0.237998648,0.248069469,0.248577288,0.202818479,0.181164325,0.320256308,0.140478441,0.294174203,0.182050514,0.198614531,0.23032672,0.175770686,0.208012574,0.206010481,0.274617518,0.21002925,0.167093471,0.380969659,0.194601702,0.411376676,0.243252128,0.215916759,0.176117488,0.2586303,0.233570918,0.19859349,0.204465205,0.198174073,0.286064784,0.218475984,0.236096082,0.227511149,0.234403615,0.211031782,0.247083106,0.244193145,0.248069469,0.217917934,0.291902553,0.209040871,0.248376296,0.215265424,0.205023092,0.240807321,0.199254193
0.500979433,0.354245954,0.354168351,0.292785836,0.350800748,0.68627451,0.466041382,1,0.249274008,0.543714946,0.458349249,0.290395707,0.35193972,0.391730373,0.329442046,0.38632635,0.347129815,0.289744763,0.478986976,0.29259946,0.298571493,0.318185623,0.492592183,0.332956046,0.341836432,0.34442336,0.329442046,0.329442046,0.347228132,0.237674699,0.412016982,0.45546787,0.329442046,0.407541366,0.33986471,0.303195779,0.381127411,0.321176439,0.489816994,0.302320772,0.477665147,0.311701723,0.246646691,0.338822607,0.35802878,0.326748689,0.249417434,0.841625412,0.331237383,0.325934868,0.282015845,0.359313495,0.32853692,0.33973711,0.366941594,0.334244082,0.36459332,0.418716277,0.320751677,0.313985542,0.377568076,0.480641283,0.363210089,0.340646237,0.327675588,0.285830975,0.517409333,0.222905564,0.482696927,0.326802948,0.320883647,0.40700426,0.253550804,0.373408022,0.351034403,0.305026455,0.3759571,0.253085534,0.577029786,0.393000601,0.547559811,0.393000601,0.348837301,0.328996135,0.44396109,0.353774569,0.355486831,0.381951064,0.354736066,0.491054734,0.371021717,0.4410391,0.373312586,0.378704855,0.368065715,0.399189967,0.394520918,0.413308032,0.390078023,0.442125676,0.354998759,0.40406592,0.347784999,0.403695561,0.312630063,0.339521932
0.291909691,0.225175988,0.494873016,0.679702222,0.65614285,0.216037474,0.230407807,0.249274008,1,0.263323207,0.181283893,0.69555524,0.552695375,0.686141354,0.532248929,0.619766479,0.226310383,0.514523114,0.405956612,0.51959243,0.53019745,0.509381159,0.30362724,0.416567341,0.427677753,0.583819382,0.558425106,0.558425106,0.553951669,0.613466692,0.214024227,0.318888916,0.558425106,0.652430151,0.544087061,0.622133081,0.636246659,0.552663083,0.30191665,0.512452832,0.27832497,0.490614556,0.589115183,0.55692194,0.626458249,0.553859696,0.654299792,0.223781696,0.552695375,0.560851131,0.528354138,0.476315452,0.491374289,0.558425106,0.474266774,0.493720808,0.49603333,0.553951669,0.513489139,0.567707046,0.574119236,0.497882842,0.636893871,0.607807283,0.572788062,0.455431488,0.26037171,0.583933048,0.618896252,0.553951669,0.535419359,0.266103501,0.655421593,0.573611135,0.694196437,0.658049808,0.506548796,0.643493984,0.277128896,0.437168076,0.336053773,0.64534335,0.600540374,0.316514985,0.442671841,0.63964829,0.486693307,0.594936791,0.485665442,0.281536518,0.543918079,0.636461051,0.519211034,0.641928683,0.550012406,0.644934171,0.637390822,0.647508769,0.534051746,0.603708295,0.552955187,0.708535132,0.580306361,0.263188274,0.691850096,0.692744904
0.403112887,0.350823208,0.341266723,0.365597857,0.33543159,0.660225292,0.346153846,0.543714946,0.263323207,1,0.514443403,0.362613334,0.389543875,0.452603025,0.448606065,0.478242051,0.55533018,0.355265524,0.474358974,0.331168395,0.33792763,0.332617476,0.591312396,0.298335289,0.306292293,0.382440432,0.326258956,0.326258956,0.404556697,0.235378271,0.447523408,0.431455497,0.326258956,0.369970037,0.383328266,0.379283725,0.343131758,0.356627541,0.617380084,0.308205605,0.635660826,0.323389568,0.266469355,0.325380734,0.320256308,0.36281485,0.258769811,0.457604315,0.451050802,0.3619112,0.338089093,0.355841786,0.449765914,0.397628103,0.417905608,0.340472155,0.465591032,0.434898449,0.308828873,0.310951794,0.483896457,0.409886561,0.458928518,0.408376974,0.486764349,0.305714799,0.544435723,0.220751837,0.429004046,0.323645358,0.45681342,0.426104432,0.301321177,0.439137655,0.334767032,0.329541022,0.439152068,0.28644595,0.609551454,0.401366011,0.523570314,0.498666862,0.485812707,0.413876098,0.54312363,0.45546329,0.370106049,0.449823451,0.414363971,0.486310133,0.397229061,0.448582556,0.369705617,0.480527412,0.441248271,0.506520366,0.500595948,0.508542412,0.416025147,0.498666862,0.437085459,0.469155226,0.387477764,0.502306575,0.309609412,0.386054998
0.487950036,0.621059003,0.238673086,0.21821789,0.245065009,0.580575715,0.605227533,0.458349249,0.181283893,0.514443403,1,0.21643649,0.27422922,0.305233848,0.272742872,0.430032953,0.37451267,0.258019772,0.342962269,0.2605619,0.265880038,0.24792824,0.44198,0.296499727,0.304407774,0.260240019,0.256699174,0.256699174,0.270557981,0.202030509,0.393534185,0.46291005,0.256699174,0.246986191,0.250108202,0.273550602,0.233978007,0.242675069,0.439489952,0.235566448,0.44198,0.277572601,0.209656967,0.256008192,0.215979699,0.24688536,0.203598999,0.4114756,0.306491482,0.246270451,0.277572601,0.229722929,0.286110836,0.272742872,0.257326728,0.238117385,0.269136782,0.286473156,0.236042822,0.228345193,0.311504479,0.312093892,0.390360029,0.335279254,0.303195779,0.249443826,0.478754999,0.189476309,0.327894619,0.254642806,0.265657431,0.30807416,0.237078234,0.309142011,0.222871247,0.259281489,0.285432043,0.225374468,0.509567052,0.287084626,0.500216403,0.325362576,0.288800075,0.263280148,0.366280617,0.367545231,0.241481171,0.289570253,0.255145953,0.405134223,0.296911246,0.315790987,0.223756018,0.313527223,0.256605601,0.330486711,0.345834251,0.370842028,0.264978867,0.344501551,0.254184739,0.303988883,0.304865874,0.306491482,0.243599383,0.274351631
0.221781406,0.171079785,0.62253236,0.934457621,0.623139142,0.353525209,0.225070345,0.290395707,0.69555524,0.362613334,0.21643649,1,0.546557366,0.672649016,0.696066735,0.595255798,0.490033711,0.390914256,0.425132875,0.394765721,0.402822995,0.523598521,0.413308716,0.316491344,0.324932594,0.59813773,0.490561318,0.490561318,0.539240338,0.459131129,0.522054435,0.267782219,0.490561318,0.554007088,0.577510266,0.47267204,0.609821356,0.557766309,0.410980198,0.526755927,0.403696885,0.372749481,0.462024621,0.489240827,0.60238451,0.567443275,0.497111032,0.255030685,0.60654537,0.566029964,0.410980198,0.611052716,0.640877496,0.536965767,0.60842452,0.621082923,0.580745022,0.62472966,0.527821158,0.512194041,0.636412775,0.464242463,0.620987936,0.473332564,0.698928108,0.441726104,0.426874949,0.450173423,0.613667586,0.486631524,0.69735496,0.486717319,0.506126665,0.556029608,0.602769052,0.66066162,0.651771724,0.488901207,0.371561549,0.434949121,0.376901437,0.640561433,0.610695507,0.49240228,0.454038086,0.577100539,0.569328831,0.6115421,0.614982235,0.353400463,0.542387191,0.60636621,0.653350793,0.655362938,0.661119804,0.610486077,0.603345644,0.645182271,0.541001781,0.585204272,0.661060823,0.672896115,0.545868462,0.466573361,0.536824098,0.647778588
0.314060312,0.210386062,0.636704785,0.53761547,0.68329121,0.310535047,0.205023092,0.35193972,0.552695375,0.389543875,0.27422922,0.546557366,1,0.675540842,0.641313819,0.699241307,0.36650631,0.575417325,0.594566967,0.581086599,0.577935422,0.727884033,0.464927388,0.518942026,0.532782909,0.677709095,0.771750528,0.771750528,0.74400288,0.661573047,0.378884401,0.407712531,0.771750528,0.663363724,0.712687517,0.555997742,0.609699428,0.755277622,0.438800869,0.732273323,0.425526762,0.548501086,0.68062829,0.769673134,0.719445325,0.731791723,0.658349264,0.331048637,0.710382514,0.73518314,0.603351195,0.642010892,0.642740036,0.750011077,0.658620741,0.660429586,0.688848254,0.663133002,0.733754161,0.6851247,0.668314285,0.57090406,0.733909361,0.51109696,0.675715163,0.53717876,0.409718016,0.625811635,0.731791723,0.765568181,0.64053449,0.435861795,0.669259493,0.726900916,0.672622725,0.592869881,0.610681092,0.71892902,0.416313388,0.583505949,0.428609276,0.713173938,0.702089234,0.530428753,0.641074472,0.753269302,0.673668886,0.692100662,0.657840866,0.556587423,0.656415511,0.704778967,0.621545147,0.680984043,0.623822655,0.724405715,0.741966763,0.687626789,0.660018992,0.648339944,0.633132586,0.691419497,0.78603336,0.448087432,0.522627951,0.723585925
0.29192018,0.23590713,0.560953504,0.652753366,0.668616012,0.365615015,0.23276727,0.391730373,0.686141354,0.452603025,0.305233848,0.672649016,0.675540842,1,0.699302994,0.76262416,0.391207718,0.532918088,0.59484969,0.538168639,0.549152805,0.612135488,0.42744299,0.4751342,0.487806669,0.708949008,0.610176141,0.610176141,0.69370101,0.597137755,0.354037758,0.408815894,0.610176141,0.625724928,0.685277129,0.637612713,0.738352323,0.680542428,0.425034842,0.586219734,0.417502456,0.533764685,0.582349066,0.608533672,0.753734663,0.672568083,0.577386386,0.351669586,0.682434116,0.677470324,0.583187341,0.576730532,0.694968608,0.68559117,0.60479517,0.566007071,0.645331184,0.68690002,0.599271987,0.648197741,0.754314905,0.569029407,0.767333044,0.561156529,0.675095901,0.494901542,0.398402608,0.566778911,0.758287544,0.612089127,0.681136175,0.363969454,0.59097513,0.70714948,0.649356734,0.627855794,0.622703901,0.593903542,0.576402239,0.646110048,0.465234014,0.826039428,0.711434928,0.485555739,0.626086957,0.698926537,0.607008927,0.701200699,0.581497886,0.548229005,0.701169591,0.809676824,0.573702447,0.851159239,0.599875169,0.780896832,0.771763221,0.834057656,0.692717858,0.785146387,0.613384096,0.77941665,0.723764097,0.427382982,0.555182335,0.753672635
0.246598481,0.162746694,0.743821906,0.668376929,0.514454245,0.350032174,0.203911848,0.329442046,0.532248929,0.448606065,0.272742872,0.696066735,0.641313819,0.699302994,1,0.702695638,0.609869684,0.412924241,0.502982557,0.416992558,0.425503488,0.682173131,0.44673261,0.341311319,0.350414552,0.750755375,0.518918919,0.518918919,0.579107203,0.448112013,0.460570993,0.322322652,0.518918919,0.499284066,0.76334966,0.494334345,0.57607506,0.700082997,0.444215786,0.667612305,0.438895195,0.38966297,0.482687096,0.517522096,0.551819268,0.712229086,0.424048614,0.294595972,0.722836762,0.710455162,0.452009046,0.749790345,0.877709081,0.562162162,0.775464733,0.747104194,0.775791568,0.627366136,0.678318499,0.467096428,0.810457739,0.441629771,0.743083423,0.451846014,0.801086847,0.504252189,0.407497306,0.436225757,0.682336259,0.520124062,0.947696628,0.598351261,0.492567712,0.569791332,0.525624822,0.59693618,0.819951043,0.493562158,0.444353779,0.470722893,0.376718014,0.657722398,0.807032968,0.686286775,0.534761113,0.712036767,0.727447612,0.780490671,0.764117147,0.43224011,0.684447564,0.638373374,0.698589493,0.727002626,0.788265812,0.687730305,0.679686399,0.710203625,0.693202358,0.657722398,0.795941998,0.680356279,0.547811727,0.614139505,0.446841538,0.673447066
0.330489487,0.280429629,0.585994788,0.591197567,0.5788125,0.40012372,0.273281172,0.38632635,0.619766479,0.478242051,0.430032953,0.595255798,0.699241307,0.76262416,0.702695638,1,0.422763572,0.446601942,0.519234227,0.451002067,0.46020714,0.615714982,0.462160397,0.379326342,0.389443487,0.683011606,0.536077085,0.536077085,0.625203954,0.494128727,0.336683939,0.404105148,0.536077085,0.557614055,0.657665775,0.527756855,0.642021854,0.636911607,0.459556656,0.606914176,0.441153107,0.428223248,0.512781614,0.534634075,0.585133842,0.647961703,0.493089778,0.359978724,0.721092598,0.646347848,0.480445595,0.57050318,0.673142381,0.615764219,0.600324926,0.591350311,0.654882402,0.589272692,0.608141506,0.559716957,0.750160269,0.479132048,0.881305298,0.529865643,0.691722365,0.522936691,0.398216087,0.470553101,0.836079617,0.531782673,0.684440683,0.409135714,0.553086632,0.689730495,0.558061713,0.731716023,0.644412217,0.551223672,0.514312464,0.518514567,0.491588559,0.751846122,0.759407025,0.481777232,0.624800517,0.829796944,0.602911045,0.726394381,0.595237334,0.467493194,0.712665041,0.696177426,0.565788072,0.707841947,0.647488188,0.746130925,0.746079288,0.784361716,0.689730495,0.743204213,0.648131037,0.74513385,0.61181107,0.42245829,0.586632266,0.80521515
0.298481003,0.241209076,0.508383414,0.494066978,0.25533653,0.453938989,0.264442943,0.347129815,0.226310383,0.55533018,0.37451267,0.490033711,0.36650631,0.391207718,0.609869684,0.422763572,1,0.244263397,0.440738238,0.246669991,0.251704592,0.427292377,0.477705432,0.248304272,0.254926882,0.504575029,0.238339877,0.238339877,0.305968987,0.20597146,0.633490648,0.310131937,0.238339877,0.25437351,0.514259477,0.28250858,0.33028913,0.47051864,0.475014112,0.411705558,0.498033322,0.252667081,0.198479065,0.237698315,0.259512887,0.478681902,0.194091939,0.292153274,0.500422077,0.477489667,0.242560398,0.501865861,0.631633627,0.301429844,0.530938994,0.507199749,0.529174459,0.424184278,0.412538128,0.277934046,0.627600365,0.3,0.426401433,0.280780263,0.627516809,0.389249472,0.495433694,0.200071382,0.387664921,0.236430581,0.641821417,0.704708748,0.224438362,0.317820863,0.247874981,0.292661278,0.617007273,0.213358584,0.563163084,0.317771964,0.385694608,0.384671325,0.578970303,0.60544935,0.391207718,0.401480176,0.434455897,0.492031362,0.545019645,0.403202845,0.375533808,0.373354978,0.48231247,0.427086171,0.573785761,0.390729513,0.38615942,0.426401433,0.367764142,0.393033745,0.568372567,0.36051768,0.325613416,0.747109017,0.260177454,0.4024303
0.440652649,0.280429629,0.370456475,0.412046789,0.527740808,0.234555284,0.19129682,0.289744763,0.514523114,0.355265524,0.258019772,0.390914256,0.575417325,0.532918088,0.412924241,0.446601942,0.244263397,1,0.555671716,0.990243669,0.940423286,0.528644177,0.430649461,0.81443597,0.836158074,0.499406336,0.651985644,0.651985644,0.653948963,0.630964375,0.336683939,0.515582431,0.651985644,0.50185265,0.484945471,0.842165194,0.487611535,0.520486905,0.438667717,0.53183201,0.441153107,0.856446496,0.615337937,0.650230632,0.511992112,0.5086151,0.685311216,0.290305423,0.480728398,0.514298288,0.814668618,0.382496451,0.435162752,0.659229929,0.387306404,0.389753614,0.418584628,0.45992015,0.532907505,0.574446351,0.453221829,0.676421715,0.528783179,0.668639978,0.482764567,0.58729813,0.398216087,0.598885765,0.496422273,0.646762711,0.423365371,0.327308571,0.588769641,0.509086794,0.51231895,0.360979905,0.38664733,0.636027314,0.338363463,0.656785118,0.425157673,0.544440295,0.460246682,0.394181372,0.643177003,0.547665983,0.404078679,0.493948179,0.416026094,0.548796358,0.43747755,0.587137588,0.390663192,0.541290901,0.429386903,0.517902642,0.537871115,0.511157073,0.464512374,0.483946929,0.445590088,0.549045995,0.672992177,0.371471944,0.415531189,0.557456642
0.351431748,0.233882138,0.442382789,0.420227421,0.503147384,0.401313413,0.256410256,0.478986976,0.405956612,0.474358974,0.342962269,0.425132875,0.594566967,0.59484969,0.502982557,0.519234227,0.440738238,0.555671716,1,0.561146447,0.581986474,0.583539432,0.561746776,0.512927339,0.515860704,0.565047124,0.523373742,0.523373742,0.586607211,0.470756542,0.517723158,0.496827542,0.523373742,0.545612377,0.623297993,0.568925587,0.602386864,0.546186325,0.538982613,0.575317129,0.601167603,0.538982613,0.458919445,0.521964927,0.518510212,0.555662383,0.392075471,0.435813634,0.60140107,0.554278415,0.578181348,0.474455715,0.574169252,0.59814142,0.484528241,0.460267913,0.532104037,0.559636764,0.582363017,0.56662327,0.593872925,0.687551651,0.587097744,0.532665618,0.588173588,0.535944463,0.555110933,0.441503673,0.596519911,0.525923706,0.516397779,0.506718784,0.451981765,0.546996027,0.497858663,0.393618443,0.496432773,0.461496252,0.634949431,0.681105958,0.560968194,0.672997553,0.582975248,0.563575963,0.75002787,0.544998809,0.505510701,0.531609533,0.510448371,0.71516196,0.536259233,0.724027986,0.499260576,0.562568677,0.498802393,0.60947166,0.602343092,0.628442655,0.574510918,0.575696702,0.500431177,0.616341179,0.595567674,0.519391833,0.366944489,0.572855804
0.444994159,0.283192549,0.374106381,0.416106461,0.532940351,0.236866229,0.193181564,0.29259946,0.51959243,0.331168395,0.2605619,0.394765721,0.581086599,0.538168639,0.416992558,0.451002067,0.246669991,0.990243669,0.561146447,1,0.949688764,0.53385262,0.434892416,0.822460164,0.844396284,0.504326714,0.658409303,0.658409303,0.660391965,0.637180923,0.340001102,0.520662183,0.658409303,0.490708333,0.489723374,0.850462588,0.492415705,0.525614978,0.421894925,0.53707186,0.424285284,0.864884596,0.621400526,0.656637,0.517036491,0.513626208,0.675183623,0.293165644,0.485464753,0.519365389,0.822695103,0.373171251,0.439450173,0.665724962,0.378084912,0.393593644,0.409072949,0.464451492,0.538157952,0.580106057,0.457687176,0.68308613,0.533992991,0.675227723,0.487520983,0.593084459,0.402139493,0.604786259,0.501313251,0.653134911,0.413285341,0.314006696,0.594570467,0.514102548,0.517366549,0.364536443,0.390456755,0.642293744,0.341697174,0.663256064,0.42934652,0.532350262,0.449288533,0.398065026,0.649513875,0.536302388,0.408059846,0.484143758,0.40719805,0.554203349,0.441787778,0.592922335,0.380908315,0.529804746,0.419851786,0.523005255,0.543170465,0.516193225,0.454874144,0.488714994,0.436344479,0.554455446,0.679622802,0.375131855,0.419625191,0.562948958
0.454076609,0.288972585,0.367860465,0.424599305,0.526275296,0.241700732,0.197124451,0.298571493,0.53019745,0.33792763,0.265880038,0.402822995,0.577935422,0.549152805,0.425503488,0.46020714,0.251704592,0.940423286,0.581986474,0.949688764,1,0.519113461,0.422121433,0.804757201,0.849827478,0.514620157,0.627057772,0.627057772,0.629439704,0.618851693,0.327666137,0.531289037,0.627057772,0.492515234,0.486027834,0.867820757,0.502466042,0.522228633,0.419743265,0.522243822,0.422121433,0.83948653,0.585307825,0.625369861,0.502466042,0.516929874,0.66312814,0.299149233,0.495373219,0.522804075,0.83948653,0.367426802,0.448419468,0.634522745,0.379149972,0.387777789,0.424379275,0.451715552,0.523299928,0.569179016,0.467028694,0.677666209,0.544891931,0.689009302,0.497471417,0.596899204,0.39862306,0.587742961,0.511545188,0.622034531,0.421720605,0.303551674,0.588320784,0.507673083,0.518498886,0.371976729,0.398426082,0.620448298,0.348671305,0.650077772,0.438109597,0.543215673,0.458458632,0.39329473,0.653302475,0.538697706,0.409779116,0.494025262,0.402318307,0.555042292,0.450804785,0.605024038,0.381741992,0.540618203,0.428421073,0.533679932,0.55425672,0.526728867,0.464158247,0.498689798,0.445250387,0.565772029,0.669852241,0.375282741,0.428189853,0.574438897
0.268164783,0.179641076,0.750767563,0.533646177,0.687038833,0.282831665,0.17506183,0.318185623,0.509381159,0.332617476,0.24792824,0.523598521,0.727884033,0.612135488,0.682173131,0.615714982,0.427292377,0.528644177,0.583539432,0.53385262,0.519113461,1,0.524827286,0.500280849,0.469599097,0.809198993,0.705376299,0.705376299,0.750363705,0.691507417,0.449327411,0.410616095,0.705376299,0.668480464,0.80429173,0.481939563,0.603896428,0.842324039,0.501798547,0.981981675,0.504641621,0.535251783,0.672128763,0.703477571,0.713222506,0.843548283,0.583555595,0.297547895,0.676558877,0.845899389,0.555323725,0.759990632,0.692549175,0.742501367,0.744316564,0.766238398,0.722253755,0.699725663,0.991999871,0.750125187,0.670763428,0.62589306,0.649241052,0.46873374,0.687746841,0.623595367,0.466457931,0.675940037,0.663903741,0.704329122,0.66445132,0.571354479,0.628602218,0.710093703,0.662235698,0.512479982,0.617035649,0.635597407,0.40749573,0.647705112,0.434062203,0.658776994,0.737076265,0.661334597,0.60624957,0.648505127,0.764222961,0.730556619,0.762608972,0.540352674,0.601170242,0.682381614,0.694675734,0.62947883,0.633079132,0.62416706,0.63353868,0.598430883,0.631194403,0.548058172,0.640081172,0.565255715,0.70545869,0.578574488,0.477569185,0.697200048
0.45289473,0.303389938,0.46637123,0.407019549,0.442025681,0.507519219,0.295656198,0.492592183,0.30362724,0.591312396,0.44198,0.413308716,0.464927388,0.42744299,0.44673261,0.462160397,0.477705432,0.430649461,0.561746776,0.434892416,0.422121433,0.524827286,1,0.398313753,0.408937318,0.524404424,0.44673261,0.44673261,0.513125591,0.386546621,0.728500193,0.467342584,0.44673261,0.482615177,0.524650612,0.35229891,0.41323572,0.503828121,0.960467306,0.507684714,0.897727273,0.406786153,0.375533808,0.445530097,0.439612468,0.512569286,0.334543802,0.452267017,0.535848515,0.511292648,0.372887307,0.490965204,0.514928651,0.525106752,0.488853516,0.487095634,0.46016058,0.551998742,0.508711377,0.493996461,0.456513749,0.56918094,0.448127417,0.395814541,0.537881926,0.478713554,0.873949586,0.370239898,0.480533705,0.435379289,0.450394802,0.681656198,0.376394575,0.515235065,0.415698981,0.358870281,0.499029649,0.357813224,0.571064727,0.579667134,0.574959575,0.495521905,0.456435465,0.55506862,0.616313149,0.484777961,0.45798009,0.440086229,0.526257239,0.604724309,0.35878908,0.517242231,0.488232381,0.441459357,0.427674656,0.455842306,0.478667548,0.457662043,0.403558499,0.439425085,0.423639899,0.424285284,0.504701337,0.622529893,0.37022012,0.459503749
0.506369684,0.322251693,0.325083631,0.349976538,0.479287806,0.269535847,0.219826003,0.332956046,0.416567341,0.298335289,0.296499727,0.316491344,0.518942026,0.4751342,0.341311319,0.379326342,0.248304272,0.81443597,0.512927339,0.822460164,0.804757201,0.500280849,0.398313753,1,0.934534175,0.438853726,0.549427977,0.549427977,0.57805853,0.628970902,0.354654234,0.608486984,0.549427977,0.430234112,0.442760992,0.748402672,0.466943179,0.464322295,0.396069714,0.503297645,0.446594208,0.93616478,0.552993765,0.54794903,0.448265452,0.456365238,0.643457847,0.320256308,0.426871667,0.463215052,0.792139429,0.327792781,0.382859239,0.582726642,0.31896512,0.339770872,0.341362314,0.404640971,0.504315437,0.541634298,0.377140721,0.647750276,0.435477928,0.594390197,0.430561545,0.545455193,0.431455497,0.589886574,0.470376452,0.553284593,0.340552979,0.310300616,0.492055421,0.462346456,0.462568847,0.269069118,0.327386496,0.516489722,0.38882553,0.615705045,0.488563853,0.4866056,0.37022012,0.366688284,0.580719578,0.438632669,0.346413298,0.409015595,0.338326766,0.583927295,0.381095,0.510844857,0.332823718,0.449765914,0.344613457,0.464007775,0.488488027,0.425350534,0.396296962,0.387298335,0.364637017,0.439396526,0.562443146,0.359911405,0.308971699,0.538911841
0.519875245,0.33084658,0.317861,0.359310883,0.461944257,0.276724731,0.225689058,0.341836432,0.427677753,0.306292293,0.304407774,0.324932594,0.532782909,0.487806669,0.350414552,0.389443487,0.254926882,0.836158074,0.515860704,0.844396284,0.849827478,0.469599097,0.408937318,0.934534175,1,0.424564783,0.546988568,0.546988568,0.551084977,0.591934203,0.36411334,0.575396456,0.546988568,0.43231097,0.454570024,0.781611227,0.450633351,0.444387318,0.406633427,0.472430876,0.433721397,0.874877979,0.521206554,0.545516187,0.441045408,0.435657316,0.650759738,0.328797975,0.412477091,0.442771717,0.776300179,0.32123839,0.369005063,0.555535265,0.319856713,0.332976973,0.350466906,0.40695506,0.473386248,0.503947875,0.387199572,0.631775315,0.457490216,0.565591429,0.416542594,0.531528478,0.442962996,0.55515134,0.452097215,0.542606747,0.349635985,0.318576751,0.494654635,0.455303252,0.464112859,0.276245553,0.336118334,0.530265199,0.39919603,0.581148766,0.454570024,0.468997249,0.380094389,0.354323157,0.574527855,0.450331593,0.34808553,0.419924592,0.339799301,0.599501422,0.382934651,0.524469777,0.341700575,0.461761776,0.361845779,0.445314999,0.470811559,0.426297701,0.398563333,0.397628103,0.382327534,0.462682895,0.568421695,0.360917454,0.31721239,0.521967307
0.316666667,0.212132034,0.713320814,0.58950883,0.611695032,0.292238003,0.186052102,0.34442336,0.583819382,0.382440432,0.260240019,0.59813773,0.677709095,0.708949008,0.750755375,0.683011606,0.504575029,0.499406336,0.565047124,0.504326714,0.514620157,0.809198993,0.524404424,0.438853726,0.424564783,1,0.613756219,0.613756219,0.690380544,0.592306272,0.452774784,0.421637021,0.613756219,0.608610451,0.804030252,0.509647191,0.645497224,0.932504808,0.521450009,0.790413553,0.524404424,0.481946221,0.602730019,0.612104113,0.65779241,0.948683298,0.524728242,0.325011871,0.705258245,0.946320447,0.537251525,0.715996028,0.756086415,0.68499578,0.72756543,0.731993138,0.725207505,0.65776414,0.801497137,0.66852627,0.750704305,0.596962006,0.706666667,0.563055029,0.724927517,0.651181263,0.473364631,0.571679908,0.698336317,0.603403468,0.747264718,0.600414927,0.607332248,0.652186493,0.615920642,0.568269552,0.708111433,0.583765272,0.47095959,0.65372045,0.482418151,0.692943677,0.800757217,0.648423094,0.639444203,0.709304368,0.7423337,0.802246243,0.745607547,0.530455445,0.6244998,0.697938072,0.662369327,0.699234275,0.685712783,0.670656053,0.689061827,0.653333333,0.644200536,0.621034428,0.68945784,0.615575254,0.653714543,0.584041984,0.526965186,0.776445351
0.328797975,0.20924575,0.562892253,0.481231389,0.704992855,0.267671662,0.183520663,0.329442046,0.558425106,0.326258956,0.256699174,0.490561318,0.771750528,0.610176141,0.518918919,0.536077085,0.238339877,0.651985644,0.523373742,0.658409303,0.627057772,0.705376299,0.44673261,0.549427977,0.546988568,0.613756219,1,1,0.831126078,0.839500986,0.362874115,0.426297701,1,0.760813815,0.594817917,0.578119827,0.57607506,0.684752713,0.428629267,0.704961245,0.431057781,0.600080974,0.841759205,0.997308205,0.739801656,0.670639066,0.679724985,0.311925147,0.576095465,0.674154534,0.646840531,0.570808134,0.532713604,0.832432432,0.558719932,0.581638164,0.609550518,0.691711381,0.71106491,0.791316301,0.542248703,0.609869684,0.604988273,0.536567142,0.56990071,0.558279209,0.415986833,0.792654119,0.597856532,0.986627086,0.50017322,0.354126256,0.76547685,0.729087834,0.730413714,0.480460828,0.460589783,0.835259036,0.353463233,0.689963692,0.456027069,0.657722398,0.526574702,0.513547927,0.637599788,0.612970782,0.579086585,0.552847559,0.577863592,0.530821187,0.552823033,0.688441873,0.567918077,0.621369766,0.488216245,0.661531056,0.679686399,0.618140192,0.561914033,0.573895033,0.498723151,0.680356279,0.844543079,0.391310127,0.528914473,0.581013155
0.328797975,0.20924575,0.562892253,0.481231389,0.704992855,0.267671662,0.183520663,0.329442046,0.558425106,0.326258956,0.256699174,0.490561318,0.771750528,0.610176141,0.518918919,0.536077085,0.238339877,0.651985644,0.523373742,0.658409303,0.627057772,0.705376299,0.44673261,0.549427977,0.546988568,0.613756219,1,1,0.831126078,0.839500986,0.362874115,0.426297701,1,0.760813815,0.594817917,0.578119827,0.57607506,0.684752713,0.428629267,0.704961245,0.431057781,0.600080974,0.841759205,0.997308205,0.739801656,0.670639066,0.679724985,0.311925147,0.576095465,0.674154534,0.646840531,0.570808134,0.532713604,0.832432432,0.558719932,0.581638164,0.609550518,0.691711381,0.71106491,0.791316301,0.542248703,0.609869684,0.604988273,0.536567142,0.56990071,0.558279209,0.415986833,0.792654119,0.597856532,0.986627086,0.50017322,0.354126256,0.76547685,0.729087834,0.730413714,0.480460828,0.460589783,0.835259036,0.353463233,0.689963692,0.456027069,0.657722398,0.526574702,0.513547927,0.637599788,0.612970782,0.579086585,0.552847559,0.577863592,0.530821187,0.552823033,0.688441873,0.567918077,0.621369766,0.488216245,0.661531056,0.679686399,0.618140192,0.561914033,0.573895033,0.498723151,0.680356279,0.844543079,0.391310127,0.528914473,0.581013155
0.326164037,0.207569522,0.55838303,0.543678605,0.693044883,0.326802948,0.182050514,0.347228132,0.553951669,0.404556697,0.270557981,0.539240338,0.74400288,0.69370101,0.579107203,0.625203954,0.305968987,0.653948963,0.586607211,0.660391965,0.629439704,0.750363705,0.513125591,0.57805853,0.551084977,0.690380544,0.831126078,0.831126078,1,0.725865483,0.408424323,0.464139561,0.831126078,0.695756652,0.649058238,0.581800048,0.643644683,0.699543924,0.487042233,0.750257334,0.513125591,0.626197156,0.759105483,0.828888857,0.709813762,0.696209341,0.624791409,0.326616728,0.668524327,0.699619579,0.664851302,0.571034104,0.619036903,0.975902879,0.573355999,0.576978771,0.624656533,0.696808511,0.742493372,0.752269833,0.624663699,0.67452254,0.678421196,0.560282952,0.656002332,0.607401161,0.471605076,0.696591744,0.67042381,0.829787234,0.558840082,0.405799845,0.673505787,0.741480373,0.677161223,0.512718913,0.537234167,0.728135458,0.430776096,0.767592363,0.48187657,0.767592363,0.613201006,0.583533482,0.720904971,0.687906704,0.593437637,0.618315316,0.592184336,0.631882656,0.621513736,0.776053291,0.568354156,0.690359142,0.544843392,0.753691803,0.764140436,0.71756088,0.651182998,0.671643318,0.554695002,0.703934293,0.809474307,0.479827945,0.52467744,0.668052209
0.34503278,0.219577516,0.564315852,0.469923839,0.739802746,0.183657722,0.149786172,0.237674699,0.613466692,0.235378271,0.202030509,0.459131129,0.661573047,0.597137755,0.448112013,0.494128727,0.20597146,0.630964375,0.470756542,0.637180923,0.618851693,0.691507417,0.386546621,0.628970902,0.591934203,0.592306272,0.839500986,0.839500986,0.725865483,1,0.336853994,0.425524886,0.839500986,0.779667905,0.546164311,0.589080707,0.572702661,0.6649391,0.376190815,0.690778213,0.394771017,0.670601018,0.88949918,0.837241221,0.750876823,0.654653671,0.739462922,0.236402714,0.501883001,0.658465008,0.670601018,0.568535244,0.468509481,0.73172721,0.525654925,0.584048762,0.539207258,0.663969976,0.69708418,0.841921692,0.477245014,0.581133763,0.524449825,0.553182546,0.502128142,0.56694671,0.374165739,0.937859879,0.545544726,0.838402767,0.441995696,0.339576187,0.810258197,0.739370219,0.723498672,0.435431786,0.419595887,0.803459232,0.275537537,0.656365004,0.37451267,0.595465158,0.48049998,0.470317081,0.575554463,0.545776823,0.542391797,0.500517331,0.546257841,0.413794559,0.475145373,0.597650391,0.537945952,0.547722558,0.432272129,0.584223487,0.604561533,0.524449825,0.484953386,0.493965415,0.444053036,0.552735258,0.760492676,0.370709035,0.564599764,0.595844545
0.403252542,0.270135101,0.460670044,0.526351252,0.344378002,0.465180463,0.263249063,0.412016982,0.214024227,0.447523408,0.393534185,0.522054435,0.378884401,0.354037758,0.460570993,0.336683939,0.633490648,0.336683939,0.517723158,0.340001102,0.327666137,0.449327411,0.728500193,0.354654234,0.36411334,0.452774784,0.362874115,0.362874115,0.408424323,0.336853994,1,0.416116754,0.362874115,0.38367438,0.473542421,0.259599822,0.344455021,0.435408871,0.69421277,0.446009788,0.698146018,0.332014803,0.311573181,0.361897333,0.336626498,0.442962996,0.257620897,0.380321765,0.442031801,0.441859725,0.291770584,0.480865086,0.530534807,0.411722554,0.485014981,0.479017081,0.442239593,0.48457123,0.44691173,0.425660397,0.44411144,0.461543187,0.331091561,0.291665348,0.541392593,0.426241342,0.778155207,0.322789712,0.36074638,0.353044754,0.468997249,0.7567035,0.300764545,0.403392148,0.317257587,0.244349679,0.516207576,0.285916797,0.547582886,0.47450598,0.511937752,0.416233316,0.406405174,0.60271593,0.486801917,0.375687558,0.401601999,0.36385885,0.517897272,0.567809399,0.285476587,0.444387318,0.499599907,0.377026912,0.446451494,0.355142403,0.376059158,0.382028724,0.325425599,0.366285318,0.442239593,0.349445577,0.427279897,0.694621402,0.2943214,0.349471307
0.505964426,0.402492236,0.280353582,0.295699199,0.366508333,0.396059017,0.431455497,0.45546787,0.318888916,0.431455497,0.46291005,0.267782219,0.407712531,0.408815894,0.322322652,0.404105148,0.310131937,0.515582431,0.496827542,0.520662183,0.531289037,0.410616095,0.467342584,0.608486984,0.575396456,0.421637021,0.426297701,0.426297701,0.464139561,0.425524886,0.416116754,1,0.426297701,0.34299717,0.32417728,0.483493778,0.40824829,0.403008013,0.464709647,0.40411193,0.497493719,0.569644084,0.441588043,0.425150195,0.326598632,0.41,0.359856086,0.416666667,0.418166699,0.408978828,0.584634717,0.269840421,0.40011903,0.46788772,0.287209454,0.289345693,0.329461077,0.340369011,0.413927569,0.433383467,0.381325065,0.444971909,0.404771541,0.579428775,0.413670152,0.484974226,0.50622788,0.399082718,0.4875,0.422882711,0.313949204,0.364076536,0.435325392,0.412478956,0.328266082,0.280056017,0.311547125,0.450349658,0.485642931,0.520945885,0.610216057,0.458928518,0.341298767,0.386151399,0.514316769,0.428753761,0.285378132,0.344048783,0.293961736,0.554286968,0.334203991,0.445427656,0.270686217,0.382473155,0.313034232,0.453557368,0.485606789,0.404771541,0.353553391,0.409314624,0.310081013,0.408086576,0.450033466,0.355441694,0.333282047,0.495300495
